1024
1024
  36  102
  68  199
 101  296
 133  393
 165  490
 198  587
 230  684
 262  781
 295  878
 327  975
  18   48
  50  145
  83  242
 115  339
 147  436
 180  533
 212  630
 244  727
 277  824
 309  921
 341 1018
  32   91
  65  188
  97  285
 129  382
 162  479
 194  576
 226  673
 259  770
 291  867
 323  964
  14   37
  47  134
  79  231
 111  328
 144  425
 176  522
 208  619
 241  716
 273  813
 305  910
 338 1007
  29   80
  61  177
  93  274
 126  371
 158  468
 190  565
 223  662
 255  759
 287  856
 320  953
  11   26
  43  123
  75  220
 108  317
 140  414
 172  511
 205  608
 237  705
 269  802
 302  899
 334  996
  25   69
  57  166
  90  263
 122  360
 154  457
 187  554
 219  651
 251  748
 284  845
 316  942
   7   15
  39  112
  72  209
 104  306
 136  403
 169  500
 201  597
 233  694
 266  791
 298  888
 330  985
  21   58
  54  155
  86  252
 118  349
 151  446
 183  543
 215  640
 248  737
 280  834
 312  931
   3    0
  36  101
  68  198
 100  295
 133  392
 165  489
 197  586
 230  683
 262  780
 294  877
 327  974
  18   47
  50  144
  82  241
 115  338
 147  435
 179  532
 212  629
 244  726
 276  823
 309  920
 341 1017
  32   90
  64  187
  97  284
 129  381
 161  478
 194  575
 226  672
 258  769
 291  866
 323  963
  14   36
  46  133
  79  230
 111  327
 143  424
 176  521
 208  618
 240  715
 273  812
 305  909
 337 1006
  28   79
  61  176
  93  273
 125  370
 158  467
 190  564
 222  661
 255  758
 287  855
 319  952
  10   25
  43  122
  75  219
 107  316
 140  413
 172  510
 204  607
 237  704
 269  801
 301  898
 334  995
  25   68
  57  165
  89  262
 122  359
 154  456
 186  553
 219  650
 251  747
 283  844
 316  941
   7   14
  39  111
  71  208
 104  305
 136  402
 168  499
 201  596
 233  693
 265  790
 298  887
 330  984
  21   57
  53  154
  86  251
 118  348
 150  445
 183  542
 215  639
 247  736
 280  833
 312  930
   2    3
  35  100
  68  197
 100  294
 132  391
 165  488
 197  585
 229  682
 262  779
 294  876
 326  973
  17   46
  50  143
  82  240
 114  337
 147  434
 179  531
 211  628
 244  725
 276  822
 308  919
 341 1016
  32   89
  64  186
  96  283
 129  380
 161  477
 193  574
 226  671
 258  768
 290  865
 323  962
  14   35
  46  132
  78  229
 111  326
 143  423
 175  520
 208  617
 240  714
 272  811
 305  908
 337 1005
  28   78
  60  175
  93  272
 125  369
 157  466
 190  563
 222  660
 254  757
 287  854
 319  951
  10   24
  42  121
  75  218
 107  315
 139  412
 172  509
 204  606
 236  703
 269  800
 301  897
 333  994
  24   67
  57  164
  89  261
 121  358
 154  455
 186  552
 218  649
 251  746
 283  843
 315  940
   6   13
  39  110
  71  207
 103  304
 136  401
 168  498
 200  595
 233  692
 265  789
 297  886
 330  983
  21   56
  53  153
  85  250
 118  347
 150  444
 182  541
 215  638
 247  735
 279  832
 312  929
   1    3
  35   99
  67  196
 100  293
 132  390
 164  487
 197  584
 229  681
 261  778
 294  875
 326  972
  17   45
  49  142
  82  239
 114  336
 146  433
 179  530
 211  627
 243  724
 276  821
 308  918
 340 1015
  31   88
  64  185
  96  282
 128  379
 161  476
 193  573
 225  670
 258  767
 290  864
 322  961
  13   34
  46  131
  78  228
 110  325
 143  422
 175  519
 207  616
 240  713
 272  810
 304  907
 337 1004
  28   77
  60  174
  92  271
 125  368
 157  465
 189  562
 222  659
 254  756
 286  853
 319  950
  10   23
  42  120
  74  217
 107  314
 139  411
 171  508
 204  605
 236  702
 268  799
 301  896
 333  993
  24   66
  56  163
  89  260
 121  357
 153  454
 186  551
 218  648
 250  745
 283  842
 315  939
   6   12
  38  109
  71  206
 103  303
 135  400
 168  497
 200  594
 232  691
 265  788
 297  885
 329  982
  20   55
  53  152
  85  249
 117  346
 150  443
 182  540
 214  637
 247  734
 279  831
 311  928
   0    2
  35   98
  67  195
  99  292
 132  389
 164  486
 196  583
 229  680
 261  777
 293  874
 326  971
  17   44
  49  141
  81  238
 114  335
 146  432
 178  529
 211  626
 243  723
 275  820
 308  917
 340 1014
  31   87
  63  184
  96  281
 128  378
 160  475
 193  572
 225  669
 257  766
 290  863
 322  960
  13   33
  45  130
  78  227
 110  324
 142  421
 175  518
 207  615
 239  712
 272  809
 304  906
 336 1003
  27   76
  60  173
  92  270
 124  367
 157  464
 189  561
 221  658
 254  755
 286  852
 318  949
   9   22
  42  119
  74  216
 106  313
 139  410
 171  507
 203  604
 236  701
 268  798
 300  895
 333  992
  24   65
  56  162
  88  259
 121  356
 153  453
 185  550
 218  647
 250  744
 282  841
 315  938
   6   11
  38  108
  70  205
 103  302
 135  399
 167  496
 200  593
 232  690
 264  787
 297  884
 329  981
  20   54
  52  151
  85  248
 117  345
 149  442
 182  539
 214  636
 246  733
 279  830
 311  927
   0    1
  34   97
  67  194
  99  291
 131  388
 164  485
 196  582
 228  679
 261  776
 293  873
 325  970
  16   43
  49  140
  81  237
 113  334
 146  431
 178  528
 210  625
 243  722
 275  819
 307  916
 340 1013
  31   86
  63  183
  95  280
 128  377
 160  474
 192  571
 225  668
 257  765
 289  862
 322  959
  13   32
  45  129
  77  226
 110  323
 142  420
 174  517
 207  614
 239  711
 271  808
 304  905
 336 1002
  27   75
  59  172
  92  269
 124  366
 156  463
 189  560
 221  657
 253  754
 286  851
 318  948
   9   21
  41  118
  74  215
 106  312
 138  409
 171  506
 203  603
 235  700
 268  797
 300  894
 332  991
  23   64
  56  161
  88  258
 120  355
 153  452
 185  549
 217  646
 250  743
 282  840
 314  937
   5   10
  38  107
  70  204
 102  301
 135  398
 167  495
 199  592
 232  689
 264  786
 296  883
 329  980
  20   53
  52  150
  84  247
 117  344
 149  441
 181  538
 214  635
 246  732
 278  829
 311  926
 343 1023
  34   96
  66  193
  99  290
 131  387
 163  484
 196  581
 228  678
 260  775
 293  872
 325  969
  16   42
  48  139
  81  236
 113  333
 145  430
 178  527
 210  624
 242  721
 275  818
 307  915
 339 1012
  30   85
  63  182
  95  279
 127  376
 160  473
 192  570
 224  667
 257  764
 289  861
 321  958
  12   31
  45  128
  77  225
 109  322
 142  419
 174  516
 206  613
 239  710
 271  807
 303  904
 336 1001
  27   74
  59  171
  91  268
 124  365
 156  462
 188  559
 221  656
 253  753
 285  850
 318  947
   9   20
  41  117
  73  214
 106  311
 138  408
 170  505
 203  602
 235  699
 267  796
 300  893
 332  990
  23   63
  55  160
  88  257
 120  354
 152  451
 185  548
 217  645
 249  742
 282  839
 314  936
   5    9
  37  106
  70  203
 102  300
 134  397
 167  494
 199  591
 231  688
 264  785
 296  882
 328  979
  19   52
  52  149
  84  246
 116  343
 149  440
 181  537
 213  634
 246  731
 278  828
 310  925
 343 1022
  34   95
  66  192
  98  289
 131  386
 163  483
 195  580
 228  677
 260  774
 292  871
 325  968
  16   41
  48  138
  80  235
 113  332
 145  429
 177  526
 210  623
 242  720
 274  817
 307  914
 339 1011
  30   84
  62  181
  95  278
 127  375
 159  472
 192  569
 224  666
 256  763
 289  860
 321  957
  12   30
  44  127
  77  224
 109  321
 141  418
 174  515
 206  612
 238  709
 271  806
 303  903
 335 1000
  26   73
  59  170
  91  267
 123  364
 156  461
 188  558
 220  655
 253  752
 285  849
 317  946
   8   19
  41  116
  73  213
 105  310
 138  407
 170  504
 202  601
 235  698
 267  795
 299  892
 332  989
  23   62
  55  159
  87  256
 120  353
 152  450
 184  547
 217  644
 249  741
 281  838
 314  935
   5    8
  37  105
  69  202
 102  299
 134  396
 166  493
 199  590
 231  687
 263  784
 296  881
 328  978
  19   51
  51  148
  84  245
 116  342
 148  439
 181  536
 213  633
 245  730
 278  827
 310  924
 342 1021
  33   94
  66  191
  98  288
 130  385
 163  482
 195  579
 227  676
 260  773
 292  870
 324  967
  15   40
  48  137
  80  234
 112  331
 145  428
 177  525
 209  622
 242  719
 274  816
 306  913
 339 1010
  30   83
  62  180
  94  277
 127  374
 159  471
 191  568
 224  665
 256  762
 288  859
 321  956
  12   29
  44  126
  76  223
 109  320
 141  417
 173  514
 206  611
 238  708
 270  805
 303  902
 335  999
  26   72
  58  169
  91  266
 123  363
 155  460
 188  557
 220  654
 252  751
 285  848
 317  945
   8   18
  40  115
  73  212
 105  309
 137  406
 170  503
 202  600
 234  697
 267  794
 299  891
 331  988
  22   61
  55  158
  87  255
 119  352
 152  449
 184  546
 216  643
 249  740
 281  837
 313  934
   4    7
  37  104
  69  201
 101  298
 134  395
 166  492
 198  589
 231  686
 263  783
 295  880
 328  977
  19   50
  51  147
  83  244
 116  341
 148  438
 180  535
 213  632
 245  729
 277  826
 310  923
 342 1020
  33   93
  65  190
  98  287
 130  384
 162  481
 195  578
 227  675
 259  772
 292  869
 324  966
  15   39
  47  136
  80  233
 112  330
 144  427
 177  524
 209  621
 241  718
 274  815
 306  912
 338 1009
  29   82
  62  179
  94  276
 126  373
 159  470
 191  567
 223  664
 256  761
 288  858
 320  955
  11   28
  44  125
  76  222
 108  319
 141  416
 173  513
 205  610
 238  707
 270  804
 302  901
 335  998
  26   71
  58  168
  90  265
 123  362
 155  459
 187  556
 220  653
 252  750
 284  847
 317  944
   8   17
  40  114
  72  211
 105  308
 137  405
 169  502
 202  599
 234  696
 266  793
 299  890
 331  987
  22   60
  54  157
  87  254
 119  351
 151  448
 184  545
 216  642
 248  739
 281  836
 313  933
   4    6
  36  103
  69  200
 101  297
 133  394
 166  491
 198  588
 230  685
 263  782
 295  879
 327  976
  18   49
  51  146
  83  243
 115  340
 148  437
 180  534
 212  631
 245  728
 277  825
 309  922
 342 1019
  33   92
  65  189
  97  286
 130  383
 162  480
 194  577
 227  674
 259  771
 291  868
 324  965
  15   38
  47  135
  79  232
 112  329
 144  426
 176  523
 209  620
 241  717
 273  814
 306  911
 338 1008
  29   81
  61  178
  94  275
 126  372
 158  469
 191  566
 223  663
 255  760
 288  857
 320  954
  11   27
  43  124
  76  221
 108  318
 140  415
 173  512
 205  609
 237  706
 270  803
 302  900
 334  997
  25   70
  58  167
  90  264
 122  361
 155  458
 187  555
 219  652
 252  749
 284  846
 316  943
   7   16
  40  113
  72  210
 104  307
 137  404
 169  501
 201  598
 234  695
 266  792
 298  889
 331  986
  22   59
  54  156
  86  253
 119  350
 151  447
 183  544
 216  641
 248  738
 280  835
 313  932
   4    5
